solveTime = 12.125699043273926
isOptimal = true
# 8,8,8,8,7,7,7,2,2,3,3,1,3,3,1,8
# 2,2,1,8,7,7,7,3,1,3,4,2,3,1,8,8
# 7,7,8,8,8,7,2,3,3,4,4,2,8,8,8,8
# 7,8,7,1,7,3,2,1,2,2,4,7,8,3,3,3
# 7,8,7,7,7,3,8,8,7,7,7,7,7,2,2,1
# 7,8,7,1,7,3,8,8,1,8,7,2,2,1,3,3
# 7,8,8,9,9,1,9,8,8,8,1,5,5,6,1,3
# 7,8,8,1,9,9,9,2,2,7,7,5,1,6,6,1
# 1,9,8,9,9,2,9,3,3,7,2,5,5,1,6,2
# 9,9,6,6,1,2,3,1,3,7,2,7,7,7,6,2
# 9,9,9,6,2,8,3,7,7,7,3,3,2,7,6,1
# 6,9,6,6,2,8,3,2,6,6,6,3,2,7,7,7
# 6,9,4,6,8,8,8,2,1,6,2,7,7,3,2,2
# 6,9,4,4,8,8,2,1,6,6,2,6,7,3,3,1
# 6,6,6,4,8,1,2,4,4,2,6,6,7,7,7,2
# 1,2,2,1,2,2,1,4,4,2,6,6,6,1,7,2
