solveTime = 1.1273729801177979
isOptimal = true
# 1,9,2,1,4,4,1,3,8,2,5,5,1,4,1,5
# 9,9,2,4,4,1,3,3,8,2,5,5,4,4,5,5
# 9,1,9,1,2,2,8,8,8,8,8,5,4,1,5,5
# 9,9,9,9,6,1,8,1,2,2,3,3,2,2,3,3
# 2,4,4,6,6,6,4,4,1,6,6,3,5,1,5,3
# 2,1,4,3,6,6,1,4,4,6,6,6,5,5,5,4
# 1,8,4,3,3,1,2,2,9,1,4,6,3,3,4,4
# 8,8,8,1,2,3,9,9,9,9,4,4,1,3,6,4
# 8,1,2,6,2,3,9,2,2,9,4,2,3,1,6,1
# 8,8,2,6,1,3,9,4,4,9,1,2,3,3,6,2
# 2,8,1,6,6,1,5,5,4,4,3,1,2,2,6,2
# 2,1,3,1,6,6,1,5,5,5,3,3,4,1,6,6
# 1,5,3,2,2,3,4,1,3,3,4,4,4,3,3,1
# 2,5,3,1,3,3,4,4,3,1,7,1,2,2,3,2
# 2,5,5,4,4,4,2,4,7,7,7,7,7,4,1,2
# 1,5,2,2,1,4,2,1,7,3,3,3,4,4,4,1
