solveTime = 0.2997109889984131
isOptimal = true
# 2,3,3,2,2,4,2,1,2,2,1,6,6,6,6,6
# 2,6,3,1,4,4,2,3,1,9,9,9,9,1,9,6
# 1,6,6,5,1,4,3,3,2,2,1,2,9,9,9,7
# 2,6,1,5,5,5,5,1,5,1,3,2,1,9,1,7
# 2,6,2,2,6,1,6,5,5,5,3,1,3,2,7,7
# 1,6,1,8,6,6,6,6,5,1,3,2,3,2,1,7
# 8,8,8,8,8,1,3,3,3,5,5,2,3,6,6,7
# 1,3,3,1,8,8,6,1,5,5,5,4,4,6,6,7
# 3,1,3,6,6,6,6,3,3,2,1,4,4,6,2,3
# 3,3,2,2,4,4,6,3,1,2,4,2,1,6,2,3
# 2,2,3,4,4,1,2,2,3,1,4,2,5,2,1,3
# 1,3,3,5,5,3,3,1,3,4,4,3,5,2,4,4
# 2,2,5,5,4,2,3,2,3,1,3,3,5,1,6,4
# 4,4,5,4,4,2,1,2,5,2,2,5,5,6,6,4
# 4,4,1,4,3,1,5,5,5,5,4,3,3,6,6,6
# 1,2,2,3,3,2,2,1,4,4,4,3,1,2,2,1
